14
8
11
8
2
13
2
11
11
3
21
15
5
10
2
3
1
6
4
1
14
28
3
2
3
1
1
1
15
1
1
3
5
1
5
16
2
1
5
6
8
1
1
4
3
10
25
5
51
11
13
33
3
18
15
8
42
2
11
12
6
2
7
5
5
3
2
2
22
2
2
18
7
1
9
1
1
7
6
9
3
10
4
11
8
8
3
7
3
13
8
10
15
4
1
2
13
27
16
2
21
34
16
7
8
2
1
53
58
16
10
11
10
22
11
12
2
5
12
4
1
47
5
17
4
26
14
15
5
12
10
14
1
16
12
13
12
22
13
7
27
12
14
10
21
14
12
9
18
12
21
11
10
1411
19
9
17
7
13
35
20
29
5
20
22
22
3
10
1
23
17
6
14
2
7
15
12
1
2
9
4
11
15
19
16
4
1
6
1
9
8
2
2
6
10
4
18
3
2
43
7
9
11
7
9
18
37
16
2
19
1
5
17
1
10
51
2
6
20
22
3
7
10
5
11
8
19
1
11
11
17
13
1
11
26
2
15
5
12
5
2
27
4
14
22
12
10
13
3
7
14
11
9
3
7
1
6
19
4
8
9
10
4
7
9
3
25
6
4
15
3
20
3
9
16
6
18
26
5
9
7
10
21
23
2
13
2
5
2
9
18
22
6
6
2
1
52
2
7
1
9
46
23
21
4
9
4
1
9
2
4
7
6
2
14
20
3
12
5
26
5
5
18
10
39
24
24
10
1
26
19
5
2
19
10
9
10
31
5
9
14
18
34
7
4
5
2
4
28
26
13
19
53
8
17
8
2
59
16
6
56
19
14
21
7
15
8
2
1
4
4
3
24
11
10
11
27
16
24
54
1
40
13
9
16
7
6
4
2
7
16
32
51
49
20
33
8
5
26
36
22
9
1
14
19
19
18
69
12
17
14
18
21
19
15
24
4
4
7
16
2
4
28
8
6
5
25
19
30
13
6
26
4
18
34
7
8
11
22
25
9
18
24
20
27
53
19
10
7
6
4
41
6
66
9
43
14
7
6
21
30
39
43
55
31
8
15
18
4
2
3
24
15
40
2
47
12
10
17
38
7
32
42
19
19
11
23
35
12
61
15
4
30
10
8
3
84
12
10
16
18
30
17
15
13
43
49
26
23
10
16
5
18
1
14
1
23
7
20
14
38
2
2
3
9
1
3
18
28
47
12
30
13
84
13
6
11
2
17
1
29
102
23
25
5
10
22
8
5
15
1
37
6
17
23
10
13
22
17
6
18
12
8
42
66
16
18
2
6
35
41
17
3
62
38
13
23
25
30
30
12
9
27
8
3
3
9
3
10
8
33
5
2
31
16
10
5
5
19
8
30
30
12
21
7
47
13
5
13
38
67
5
60
14
40
41
39
3
36
1
59
6
12
9
50
23
45
109
8
47
29
25
46
28
15
2
20
11
32
11
3
9
10
2
28
7
22
10
69
69
13
6
17
9
10
3
3
35
7
33
36
5
69
24
5
29
16
17
1
17
11
28
27
8
7
25
40
14
69
46
17
15
1
18
37
13
3
3
2
78
60
12
13
2
1
19
1
24
8
13
26
23
27
23
38
13
1
11
67
26
16
13
2
13
13
14
8
7
22
19
9
2
2
16
56
47
15
8
23
28
14
8
8
14
27
12
46
3
56
17
33
17
7
10
2
12
2
22
4
36
7
39
56
18
1
7
14
33
4
51
19
31
23
7
40
13
22
31
28
32
5
12
2
22
11
11
17
2
14
72
12
41
30
21
30
19
51
18
37
32
4
20
14
4
42
41
45
26
6
41
27
76
63
33
18
4
10
52
20
25
5
7
1
43
16
27
16
23
36
6
7
2
15
28
13
15
16
8
30
30
17
9
5
48
8
18
6
12
13
17
44
41
21
2
14
16
10
11
28
14
63
31
25
8
8
22
14
7
19
7
82
5
24
4
16
39
47
12
12
23
10
29
61
9
14
6
26
5
18
24
24
45
3
48
5
2
40
41
46
14
39
21
8
18
37
10
73
59
35
19
9
35
9
37
42
35
36
51
48
32
12
14
20
15
18
20
2
15
41
28
15
12
10
1
23
21
24
10
36
21
30
10
5
1
24
3
11
27
50
4
2
82
29
36
14
19
29
48
56
7
4
16
8
9
14
24
1
16
17
63
46
5
12
13
3
29
69
22
19
10
11
22
18
45
72
10
31
1
31
18
23
46
23
29
11
49
6
33
6
24
13
13
16
8
15
15
11
7
5
4
36
20
22
22
29
60
9
21
25
13
15
16
34
10
24
7
5
11
6
6
24
17
37
5
18
1
9
5
21
37
15
1
25
15
24
6
20
1
42
16
29
8
6
12
4
8
25
41
48
9
21
31
7
53
18
12
13
4
11
1
22
24
12
17
20
3
5
9
14
17
42
36
22
23
78
10
2
29
17
29
24
8
17
5
1
27
32
25
14
32
31
83
34
11
7
17
49
29
10
36
58
5
18
10
19
19
21
22
24
3
58
40
31
38
55
16
9
41
25
23
20
22
7
35
9
15
54
14
22
4
23
84
31
38
12
16
29
3
3
7
22
21
79
3
41
14
42
2
19
5
17
18
20
22
47
30
10
14
45
17
58
1
20
9
13
24
6
33
28
8
18
10
52
10
12
85
12
15
2
63
66
18
8
5
5
37
6
1
24
3
31
7
49
13
28
32
42
36
31
18
15
1
6
34
24
4
2
6
40
23
4
69
16
7
39
23
30
16
12
2
43
14
27
4
11
19
26
7
30
5
56
41
33
10
26
5
10
32
31
16
5
32
16
10
18
12
80
30
19
8
16
5
22
52
21
6
28
8
12
13
4
1
7
10
40
46
12
13
8
1
15
5
54
2
13
52
14
6
16
16
10
6
3
